85.12538146972656
0.6022595167160034
0.537421703338623
0.2976781725883484
0.1968480348587036
0.2956455647945404
0.1856638789176941
0.1149570420384407
0.09164252877235413
0.0678979754447937
0.05590562894940376
0.043800774961709976
0.03615179657936096
0.028392570093274117
0.023184433579444885
0.01950676366686821
0.01846097782254219
0.017201799899339676
0.016955681145191193
0.016704291105270386
0.01637266017496586
0.01611887477338314
0.0158564280718565
0.01566082239151001
0.015531834214925766
0.01537694875150919
0.01520585548132658
0.015080341137945652
0.01488498505204916
0.014914301224052906
0.014662675559520721
