0.21081510186195374
0.032481446862220764
0.032237038016319275
0.02688359096646309
0.019911618903279305
0.020631976425647736
0.018659168854355812
0.01772257499396801
0.018089668825268745
0.017303142696619034
0.017239592969417572
0.017227191478013992
0.017017068341374397
0.017010867595672607
0.01683708094060421
0.016751179471611977
0.016638951376080513
0.016466693952679634
0.01630450040102005
0.016066668555140495
0.01578401029109955
0.015448414720594883
0.015381862409412861
0.015077197924256325
0.015009344555437565
0.014881455339491367
0.014734655618667603
0.01470034010708332
0.01457215566188097
0.014537256211042404
0.014410227537155151
