0.038928382098674774
0.024865051731467247
0.023347705602645874
0.01985613815486431
0.0184834823012352
0.01793743669986725
0.0178902018815279
0.01695297658443451
0.017011165618896484
0.01659100130200386
0.016578255221247673
0.016441216692328453
0.016436362639069557
0.01628154329955578
0.016218414530158043
0.016074668616056442
0.01598251424729824
0.01569056510925293
0.01560057420283556
0.015595000237226486
0.014920075424015522
0.01494466420263052
0.014431703835725784
0.014625243842601776
0.014208790846168995
0.014345835894346237
0.014345629140734673
0.014256026595830917
0.014276833273470402
0.01430352684110403
0.013844490051269531
