0.1897815763950348
0.03220076486468315
0.04150770604610443
0.022853564471006393
0.028732025995850563
0.021457785740494728
0.02132231369614601
0.019359605386853218
0.01923358626663685
0.018164394423365593
0.017878742888569832
0.01728186197578907
0.016957217827439308
0.016740452498197556
0.016459070146083832
0.016391269862651825
0.016235150396823883
0.016202352941036224
0.01607111282646656
0.015979807823896408
0.015806354582309723
0.01575087197124958
0.015598282217979431
0.015493893064558506
0.015353897586464882
0.015232308767735958
0.01511505525559187
0.015170784667134285
0.015048828907310963
0.01497549470514059
0.015017920173704624
