0.49016842246055603
0.18860489130020142
0.03288203105330467
0.047690022736787796
0.028196483850479126
0.028127657249569893
0.025804514065384865
0.020123008638620377
0.020700542256236076
0.01874626986682415
0.019613146781921387
0.017909016460180283
0.01791662536561489
0.017711501568555832
0.017732733860611916
0.016831662505865097
0.01666421815752983
0.016809144988656044
0.01652299053966999
0.016581440344452858
0.01654062233865261
0.016225306317210197
0.01637808047235012
0.01621873676776886
0.0164888147264719
0.01590687781572342
0.015883922576904297
0.0156124047935009
0.015582386404275894
0.015496395528316498
0.015168833546340466
